== Ejercicio 2 ==

== Caso 1 ==

239  29  68 255 199  76  35 255  87  16  24 255 135  35  11 255  98  44  69 255  45   5  27 255 222 156 107 255 120 115  11 255 100 180  31 255 159   1   5 255 203  24  24 255 235   7  40 255 
254   6   1 255 210  20  17 255 242 175  98 255  78 133  59 255 253  88   4 255 205   6  44 255 198  25  30 255 167  94  15 255 245  18  43 255 235  40   6 255 237 119  47 255 117  11  47 255 
134  39   5 255 218 138 165 255 173  33  88 255 166   1  41 255 114 110  61 255 204  92  53 255 191   4  33 255 119  20  51 255 240  87   6 255 248   6  33 255 243  55 106 255 254  51   7 255 
192  48  29 255  52  16 126 255 249   7  20 255  68 222  95 255 255   5  36 255 216  13  38 255 182  78  95 255 192   1 128 255 234 103  19 255 175  87  60 255  91   2  32 255  85  11   8 255 
142  34  13 255 220  79  46 255 244  52  84 255 182 136  90 255 252  44  21 255 138  61  32 255 133 104  68 255 104   4 119 255 255  27  32 255 243   9 172 255 172 108  61 255  70  40 100 255 
219  95 122 255 133 127  24 255  62  48  16 255 209   3  78 255 204  43  53 255 142  12 134 255 213  38  71 255 252   5 159 255 234   3  90 255 238 117 217 255 154  37   4 255 182 197  24 255 
236   5  76 255 254   1   3 255 141  35  52 255 179  20  35 255 123 156  62 255 224  69  16 255 233   5  36 255 148  89 161 255 200 146   1 255 247  44   1 255 117  50  69 255 249  67   1 255 
214 127 111 255 217 140   3 255  90  12 107 255 188 129  46 255 169 135  57 255 254 126  13 255 243 129  65 255 159  98  10 255 242 210 166 255 176  35  20 255 238  55  14 255 172  67  43 255 
208  77 197 255 241 106   4 255 118  54  21 255 209   2 191 255  73  15  57 255 176  57   2 255 236 105  44 255 222 103  22 255 251  86   1 255 253 140  67 255 253 141  77 255 196  65   6 255 
232  77  16 255 225  18  17 255  95  84  20 255 139 111  91 255 217  10   3 255  89  46  81 255 230  56 180 255 249  35 110 255 124  61  47 255 131  94  22 255 137   2  99 255 108 110  12 255 
139 153   2 255 232  89  15 255 234  47  43 255 254  64  83 255 217   8 101 255  53  41  68 255 216  73  62 255 223 157 179 255 249 108   3 255 246  20 145 255  53  83   1 255 200  69 124 255 
132   5  45 255 225  84  43 255 215   9 104 255 120  58  18 255 233  25   1 255 176   9   2 255 251 110  51 255 249 126 152 255 152  36 103 255 223  89 124 255 186  35   2 255 176  21 148 255 
152  36 158 255  78  40 147 255 181  43 240 255 215  72  26 255 246  60   9 255 240  10  87 255 195 177   6 255 222 216 113 255  94  90 152 255 213  44 133 255  76  31 175 255 210 125 118 255 
115  17  31 255 253   1  41 255 200 145  91 255 236  92   7 255 253 170  43 255 239  36   1 255 207 141 213 255 255  74  44 255 211  90  59 255 162  43  37 255 239  60  57 255  33   4  30 255 
251  90 232 255 253  23 152 255 248 123   2 255  81  69   5 255 146 151  21 255 187  58  63 255 184  37  28 255 234   9 163 255 251  11  90 255 209  82   4 255 190  90  45 255 252  77  72 255 
236   1  25 255 255  46 130 255 244 178 165 255 185   8 159 255 211 151   7 255 250  90  20 255 224  21 175 255 253   6   2 255 213 121  29 255 243  57  14 255 241 103  23 255  15   8  87 255 
253   1  62 255  81   3  41 255 228 209  48 255 181  30  27 255 106   5 114 255 194   4 100 255  94  46 109 255 133  60   2 255 248 225  85 255  83  56 113 255  37   5  32 255 250  34  32 255 
245  19  80 255 200 120  13 255 172  63   6 255 144  44  70 255 199  20  12 255 253 138  37 255  99 158 228 255 237   3 180 255 232   1 100 255 243  23  34 255 241 114  49 255 243  56  48 255 
184   1  99 255 188  29  78 255 196  28  72 255 254  14  13 255 110  33 155 255  66 140 126 255 253   9  13 255 205  69  14 255 184 210  46 255 248 157 171 255 104   9  18 255 233 145 142 255 
204  53  11 255 244  97  84 255 151  14  49 255 193 114  94 255 236  26 188 255 229  60  26 255 180  24  96 255  68  51  16 255 197  37  73 255 210  14  63 255 254   7   2 255 174  32  18 255 

== Caso 2 ==

126 114  53 255 148 138  52 255 232 129  51 255 165  91   5 255 137  37  78 255 252 208  10 255 116  57 205 255 200  74 114 255 198 120 141 255 230  22  56 255 168  42 167 255 229 150 160 255 
165  91   5 255 137  37  78 255 252 208  10 255 116  57 205 255 200  74 114 255 198 120 141 255 230  22  56 255 168  42 167 255 229 150 160 255 136  11 150 255 246  11  41 255 128  66  13 255 
116  57 205 255 200  74 114 255 198 120 141 255 230  22  56 255 168  42 167 255 229 150 160 255 136  11 150 255 246  11  41 255 128  66  13 255 255 195  23 255 237 239 118 255 238 120 176 255 
230  22  56 255 168  42 167 255 229 150 160 255 136  11 150 255 246  11  41 255 128  66  13 255 255 195  23 255 237 239 118 255 238 120 176 255 233  83   4 255 245 156  95 255 221  66  11 255 
136  11 150 255 246  11  41 255 128  66  13 255 255 195  23 255 237 239 118 255 238 120 176 255 233  83   4 255 245 156  95 255 221  66  11 255 184   4 117 255 234 120  69 255 174   1 255 255 
255 195  23 255 237 239 118 255 238 120 176 255 233  83   4 255 245 156  95 255 221  66  11 255 184   4 117 255 234 120  69 255 174   1 255 255 143 169  24 255 243 111  63 255 182 101  56 255 
233  83   4 255 245 156  95 255 221  66  11 255 184   4 117 255 234 120  69 255 174   1 255 255 143 169  24 255 243 111  63 255 182 101  56 255 186 126 117 255 210 139  46 255 240 201  37 255 
184   4 117 255 234 120  69 255 174   1 255 255 143 169  24 255 243 111  63 255 182 101  56 255 186 126 117 255 210 139  46 255 240 201  37 255 151 126  18 255 182 141  29 255 253  26 145 255 
143 169  24 255 243 111  63 255 182 101  56 255 186 126 117 255 210 139  46 255 240 201  37 255 151 126  18 255 182 141  29 255 253  26 145 255 239  97   6 255 198  59 231 255 206 210  44 255 
186 126 117 255 210 139  46 255 240 201  37 255 151 126  18 255 182 141  29 255 253  26 145 255 239  97   6 255 198  59 231 255 206 210  44 255 227 132  72 255 185  60   6 255 234 125   4 255 
151 126  18 255 182 141  29 255 253  26 145 255 239  97   6 255 198  59 231 255 206 210  44 255 227 132  72 255 185  60   6 255 234 125   4 255 187  64  63 255 244  68 163 255 217  53 149 255 
239  97   6 255 198  59 231 255 206 210  44 255 227 132  72 255 185  60   6 255 234 125   4 255 187  64  63 255 244  68 163 255 217  53 149 255 193  31  45 255  66  35  38 255 255 115 140 255 
227 132  72 255 185  60   6 255 234 125   4 255 187  64  63 255 244  68 163 255 217  53 149 255 193  31  45 255  66  35  38 255 255 115 140 255  89 181  13 255  79 109  66 255 218  78  83 255 
187  64  63 255 244  68 163 255 217  53 149 255 193  31  45 255  66  35  38 255 255 115 140 255  89 181  13 255  79 109  66 255 218  78  83 255 229   7 118 255 235 134  46 255 128 118  10 255 
193  31  45 255  66  35  38 255 255 115 140 255  89 181  13 255  79 109  66 255 218  78  83 255 229   7 118 255 235 134  46 255 128 118  10 255  82 120 180 255 163   1  47 255 254  75   2 255 
 89 181  13 255  79 109  66 255 218  78  83 255 229   7 118 255 235 134  46 255 128 118  10 255  82 120 180 255 163   1  47 255 254  75   2 255 226  24 136 255 251  91  10 255  68   1  51 255 
229   7 118 255 235 134  46 255 128 118  10 255  82 120 180 255 163   1  47 255 254  75   2 255 226  24 136 255 251  91  10 255  68   1  51 255 158 202  10 255 234 143 161 255 199 160  15 255 
 82 120 180 255 163   1  47 255 254  75   2 255 226  24 136 255 251  91  10 255  68   1  51 255 158 202  10 255 234 143 161 255 199 160  15 255 210 165 124 255 220  73  66 255  76   3  17 255 
226  24 136 255 251  91  10 255  68   1  51 255 158 202  10 255 234 143 161 255 199 160  15 255 210 165 124 255 220  73  66 255  76   3  17 255 219 181 145 255 224  59  36 255 167 189  53 255 
158 202  10 255 234 143 161 255 199 160  15 255 210 165 124 255 220  73  66 255  76   3  17 255 219 181 145 255 224  59  36 255 167 189  53 255 103  54  35 255 150 179 173 255 194  64  48 255 

== Random ==

180  74 148 255 182  90  71 255 231  24  32 255 237 120   1 255 148 135   1 255 222  42  21 255  16  36  23 255 176 151   1 255 224 171  68 255 195  10 116 255 190 199  17 255 236 219  25 255 
237 120   1 255 148 135   1 255 222  42  21 255  16  36  23 255 176 151   1 255 224 171  68 255 195  10 116 255 190 199  17 255 236 219  25 255 147  20  31 255 108 209 147 255 165 151  78 255 
 16  36  23 255 176 151   1 255 224 171  68 255 195  10 116 255 190 199  17 255 236 219  25 255 147  20  31 255 108 209 147 255 165 151  78 255 206  54  34 255 247 133 159 255 244 142   1 255 
195  10 116 255 190 199  17 255 236 219  25 255 147  20  31 255 108 209 147 255 165 151  78 255 206  54  34 255 247 133 159 255 244 142   1 255 199 113 109 255 243  90  48 255 142  52 161 255 
147  20  31 255 108 209 147 255 165 151  78 255 206  54  34 255 247 133 159 255 244 142   1 255 199 113 109 255 243  90  48 255 142  52 161 255  52  53  14 255 216  67 167 255 196  54   9 255 
206  54  34 255 247 133 159 255 244 142   1 255 199 113 109 255 243  90  48 255 142  52 161 255  52  53  14 255 216  67 167 255 196  54   9 255 188 109  71 255 172 211 174 255 179 191  15 255 
199 113 109 255 243  90  48 255 142  52 161 255  52  53  14 255 216  67 167 255 196  54   9 255 188 109  71 255 172 211 174 255 179 191  15 255 103  54   6 255  62   4 136 255 196  79  59 255 
 52  53  14 255 216  67 167 255 196  54   9 255 188 109  71 255 172 211 174 255 179 191  15 255 103  54   6 255  62   4 136 255 196  79  59 255 212 244  67 255 239  51  31 255 251 152 133 255 
188 109  71 255 172 211 174 255 179 191  15 255 103  54   6 255  62   4 136 255 196  79  59 255 212 244  67 255 239  51  31 255 251 152 133 255 175  59  24 255 231  44  21 255 245  52  12 255 
103  54   6 255  62   4 136 255 196  79  59 255 212 244  67 255 239  51  31 255 251 152 133 255 175  59  24 255 231  44  21 255 245  52  12 255 238 120  10 255 237  57  39 255 175  60  93 255 
212 244  67 255 239  51  31 255 251 152 133 255 175  59  24 255 231  44  21 255 245  52  12 255 238 120  10 255 237  57  39 255 175  60  93 255 187 172 132 255 225 203 130 255 250 163 147 255 
175  59  24 255 231  44  21 255 245  52  12 255 238 120  10 255 237  57  39 255 175  60  93 255 187 172 132 255 225 203 130 255 250 163 147 255 227  21   6 255 244 103  23 255  81  59  18 255 
238 120  10 255 237  57  39 255 175  60  93 255 187 172 132 255 225 203 130 255 250 163 147 255 227  21   6 255 244 103  23 255  81  59  18 255 249  58 195 255 228 130   1 255 192 153  93 255 
187 172 132 255 225 203 130 255 250 163 147 255 227  21   6 255 244 103  23 255  81  59  18 255 249  58 195 255 228 130   1 255 192 153  93 255 253  52 132 255 250   6  15 255 253 127  35 255 
227  21   6 255 244 103  23 255  81  59  18 255 249  58 195 255 228 130   1 255 192 153  93 255 253  52 132 255 250   6  15 255 253 127  35 255 254  72  16 255 214  33 132 255 235  90  12 255 
249  58 195 255 228 130   1 255 192 153  93 255 253  52 132 255 250   6  15 255 253 127  35 255 254  72  16 255 214  33 132 255 235  90  12 255 240 115  86 255 107  67 101 255 100  48  24 255 
253  52 132 255 250   6  15 255 253 127  35 255 254  72  16 255 214  33 132 255 235  90  12 255 240 115  86 255 107  67 101 255 100  48  24 255 184 133  97 255 243 125  65 255 220  87  85 255 
254  72  16 255 214  33 132 255 235  90  12 255 240 115  86 255 107  67 101 255 100  48  24 255 184 133  97 255 243 125  65 255 220  87  85 255 130 184 115 255 253  94  14 255 115  51  38 255 
240 115  86 255 107  67 101 255 100  48  24 255 184 133  97 255 243 125  65 255 220  87  85 255 130 184 115 255 253  94  14 255 115  51  38 255 235 107   2 255 235 179 157 255 135 196  12 255 
184 133  97 255 243 125  65 255 220  87  85 255 130 184 115 255 253  94  14 255 115  51  38 255 235 107   2 255 235 179 157 255 135 196  12 255 215  32  39 255  71 151 144 255 189 109 110 255 
